true_value predicted_value
1.893511414527893066e+00 1.647107601165771484e+00
-5.119125843048095703e-01 -8.099684715270996094e-01
-7.835680246353149414e-01 -2.810329794883728027e-01
-7.835680246353149414e-01 -4.122979044914245605e-01
1.260665774345397949e+00 1.951855778694152832e+00
-7.835680246353149414e-01 -4.942788779735565186e-01
-7.835680246353149414e-01 -8.370570540428161621e-01
-7.835680246353149414e-01 -7.887048125267028809e-01
-7.835680246353149414e-01 -8.400853276252746582e-01
1.469820141792297363e+00 4.161551967263221741e-02
-7.835680246353149414e-01 9.594285488128662109e-02
-7.835680246353149414e-01 -4.332073032855987549e-01
-7.835680246353149414e-01 -6.211157441139221191e-01
-7.835680246353149414e-01 -7.149569392204284668e-01
1.147745132446289062e+00 2.332231402397155762e-01
-7.835680246353149414e-01 8.270649909973144531e-01
2.206614971160888672e+00 1.930401086807250977e+00
-7.835680246353149414e-01 -8.819838762283325195e-01
-7.835680246353149414e-01 6.553556323051452637e-01
2.851704955101013184e-01 -3.541802763938903809e-01
-7.835680246353149414e-01 -8.297280073165893555e-01
8.149642348289489746e-01 -2.643478512763977051e-01
-7.835680246353149414e-01 -8.190161585807800293e-01
1.224779844284057617e+00 1.558447957038879395e+00
-5.607173442840576172e-01 -4.064461588859558105e-01
1.297867298126220703e+00 -5.835270881652832031e-01
-7.826110720634460449e-01 7.930606007575988770e-01
-7.835680246353149414e-01 -6.282634139060974121e-01
2.239331007003784180e+00 2.553090572357177734e+00
5.331411957740783691e-01 1.880931735038757324e+00
-3.711805641651153564e-01 4.652596712112426758e-01
8.955876231193542480e-01 6.249896883964538574e-01
-7.835680246353149414e-01 -8.186725974082946777e-01
-7.835680246353149414e-01 -7.853662371635437012e-01
5.534765720367431641e-01 2.558626979589462280e-02
-2.099935561418533325e-01 -3.918858170509338379e-01
-7.835680246353149414e-01 -6.978091597557067871e-01
1.898954153060913086e+00 -6.106522679328918457e-01
5.878670811653137207e-01 7.083768844604492188e-01
1.241466760635375977e+00 -5.752072334289550781e-01
-7.835680246353149414e-01 -6.441127657890319824e-01
-7.835680246353149414e-01 1.198517560958862305e+00
2.219234704971313477e+00 2.202766895294189453e+00
9.768689274787902832e-01 -2.843435108661651611e-01
1.069932818412780762e+00 1.190918207168579102e+00
2.803857326507568359e-01 -3.546741604804992676e-01
-7.835680246353149414e-01 -7.750698924064636230e-01
-5.312909483909606934e-01 -7.517432570457458496e-01
-5.033000111579895020e-01 -1.932597458362579346e-01
-7.835680246353149414e-01 -5.878542065620422363e-01
5.043130517005920410e-01 1.149517416954040527e+00
-7.835680246353149414e-01 -8.839903473854064941e-01
-7.835680246353149414e-01 -8.164523243904113770e-01
6.611937284469604492e-01 3.841765820980072021e-01
-7.835680246353149414e-01 -3.831458091735839844e-01
3.994667232036590576e-01 5.793663859367370605e-01
-7.835680246353149414e-01 1.578607201576232910e+00
-7.835680246353149414e-01 -5.999177098274230957e-01
-7.826708555221557617e-01 -1.720425188541412354e-01
-7.835680246353149414e-01 -7.426788806915283203e-01
-7.835680246353149414e-01 -5.201593637466430664e-01
-7.835680246353149414e-01 -2.115449011325836182e-01
2.171506881713867188e+00 1.639064788818359375e+00
1.051434800028800964e-01 -5.394645333290100098e-01
-7.835680246353149414e-01 -2.961669862270355225e-01
5.489310026168823242e-01 -8.012009263038635254e-01
1.099957227706909180e+00 9.147350192070007324e-01
-7.835680246353149414e-01 1.283716797828674316e+00
-7.835680246353149414e-01 -1.816364228725433350e-01
-7.835680246353149414e-01 -7.310007810592651367e-01
-7.835680246353149414e-01 -3.519391417503356934e-01
9.394281506538391113e-01 -3.148150816559791565e-02
-7.835680246353149414e-01 -6.920096874237060547e-01
-4.101764261722564697e-01 -5.670344829559326172e-01
-7.835680246353149414e-01 -7.222767472267150879e-01
-7.835680246353149414e-01 -7.301570773124694824e-01
-5.000104904174804688e-01 -2.104153633117675781e-01
-7.835680246353149414e-01 -3.543408215045928955e-01
-7.835680246353149414e-01 7.608470320701599121e-01
3.439231872558593750e+00 -8.194606304168701172e-01
-1.949215233325958252e-01 6.066213250160217285e-01
7.309318184852600098e-01 4.442138075828552246e-01
8.468853682279586792e-02 6.037190929055213928e-02
2.111996173858642578e+00 2.018268108367919922e+00
-5.268052220344543457e-01 1.603659033775329590e+00
-7.835680246353149414e-01 -8.480205535888671875e-01
-7.835680246353149414e-01 -6.001159548759460449e-01
-7.835680246353149414e-01 -7.159844040870666504e-01
-7.660438418388366699e-01 2.007582187652587891e+00
-3.635249137878417969e-01 -1.039566546678543091e-01
-4.088606238365173340e-01 1.877262234687805176e+00
-7.835680246353149414e-01 -5.829667448997497559e-01
1.195712447166442871e+00 1.136530637741088867e+00
1.438300371170043945e+00 1.308216333389282227e+00
1.443862676620483398e+00 1.445533752441406250e+00
1.486207962036132812e+00 5.338083505630493164e-01
-7.835680246353149414e-01 1.579734981060028076e-01
-3.324238955974578857e-01 -6.023434400558471680e-01
-7.835680246353149414e-01 -8.044404983520507812e-01
9.711871743202209473e-01 8.278626799583435059e-01
-7.835680246353149414e-01 -7.736934423446655273e-01
1.622812986373901367e+00 2.075101435184478760e-01
2.843331694602966309e-01 2.781789898872375488e-01
-7.835680246353149414e-01 4.778532385826110840e-01
-4.256671369075775146e-01 -3.622943162918090820e-01
-1.056257411837577820e-01 8.662100136280059814e-02
-7.835680246353149414e-01 -8.270043134689331055e-01
-7.835680246353149414e-01 -6.973826885223388672e-01
4.474339783191680908e-01 4.339028596878051758e-01
1.112756490707397461e+00 -2.145775556564331055e-01
-7.835680246353149414e-01 -7.737109661102294922e-01
-7.835680246353149414e-01 -6.121029257774353027e-01
2.675104141235351562e+00 1.995088696479797363e+00
-7.835680246353149414e-01 -8.201855421066284180e-01
-7.835680246353149414e-01 -7.104212641716003418e-01
-7.835680246353149414e-01 -2.232503443956375122e-01
-7.835680246353149414e-01 -7.038270235061645508e-01
-1.582581847906112671e-01 -3.505628108978271484e-01
1.247686982154846191e+00 -5.077912211418151855e-01
7.161587476730346680e-01 1.017560839653015137e+00
1.373107910156250000e+00 1.330990314483642578e+00
1.813127398490905762e+00 -3.294332027435302734e-01
-4.727373123168945312e-01 -7.842110395431518555e-01
-2.506211772561073303e-02 3.969504237174987793e-01
1.677538990974426270e+00 3.388660550117492676e-01
-7.381725311279296875e-01 -6.839682459831237793e-01
6.735144257545471191e-01 9.902516007423400879e-01
2.635791897773742676e-01 -6.865839362144470215e-01
-6.116153001785278320e-01 1.008209228515625000e+00
5.952236652374267578e-01 4.416608437895774841e-02
1.908284544944763184e+00 2.010486125946044922e-01
9.928208589553833008e-02 4.011793136596679688e-01
1.402235150337219238e+00 8.790382742881774902e-01
1.609595060348510742e+00 3.206614255905151367e-01
1.701881527900695801e+00 1.145364403724670410e+00
-7.426581978797912598e-01 1.081644654273986816e+00
-7.835680246353149414e-01 -7.863000035285949707e-01
-7.835680246353149414e-01 -4.396938383579254150e-01
-7.835680246353149414e-01 -8.828380703926086426e-01
-7.835680246353149414e-01 -6.975349783897399902e-01
-7.835680246353149414e-01 9.342591166496276855e-01
-7.835680246353149414e-01 -8.931307196617126465e-01
-7.835680246353149414e-01 -7.353308200836181641e-01
9.922226518392562866e-02 3.319495618343353271e-01
1.347987771034240723e+00 -2.821211516857147217e-01
5.660963058471679688e-01 -7.995279133319854736e-02
-7.835680246353149414e-01 -7.756677269935607910e-01
-7.835680246353149414e-01 -6.361669898033142090e-01
2.193277597427368164e+00 1.971654534339904785e+00
6.464206576347351074e-01 -5.979607105255126953e-01
6.095779538154602051e-01 1.170142889022827148e-01
-6.833270192146301270e-01 7.466727495193481445e-02
-7.835680246353149414e-01 -4.265576601028442383e-01
-7.835680246353149414e-01 -5.869906544685363770e-01
2.032269954681396484e+00 1.765719175338745117e+00
-7.835680246353149414e-01 -1.779675483703613281e-01
1.709357619285583496e+00 9.046949148178100586e-01
-1.675885468721389771e-01 6.617701649665832520e-01
-6.920592784881591797e-01 -1.735072582960128784e-03
-7.835680246353149414e-01 -7.949618101119995117e-01
6.963617801666259766e-01 9.146550297737121582e-01
2.301413297653198242e+00 1.582104563713073730e+00
2.629230022430419922e+00 1.807256221771240234e+00
1.820723295211791992e+00 1.834554076194763184e+00
1.440333962440490723e+00 1.136333107948303223e+00
1.095531225204467773e+00 1.557658076286315918e+00
-7.835680246353149414e-01 -7.930925488471984863e-01
1.137637257575988770e+00 -6.421234607696533203e-01
-7.835680246353149414e-01 -5.887162685394287109e-01
1.349662542343139648e+00 -3.389866650104522705e-01
7.555134296417236328e-01 1.572927117347717285e+00
1.442905664443969727e+00 -5.384434461593627930e-01
-7.835680246353149414e-01 -2.562766075134277344e-01
-7.835680246353149414e-01 -1.021079570055007935e-01
1.318501710891723633e+00 1.360970973968505859e+00
-7.354810833930969238e-01 3.879679441452026367e-01
-7.672399878501892090e-01 -6.288295388221740723e-01
-7.835680246353149414e-01 -8.406196236610412598e-01
2.159365415573120117e+00 1.058632731437683105e+00
-7.835680246353149414e-01 -8.577284216880798340e-01
-7.835680246353149414e-01 -7.589950561523437500e-01
-7.835680246353149414e-01 -8.032338023185729980e-01
-2.159315347671508789e-02 4.690183401107788086e-01
4.580203890800476074e-01 9.271872043609619141e-02
1.376516938209533691e+00 6.481114625930786133e-01
-7.835680246353149414e-01 -7.070583701133728027e-01
-7.835680246353149414e-01 -6.995596289634704590e-01
-7.835680246353149414e-01 -8.590874671936035156e-01
-7.672998309135437012e-01 5.692203715443611145e-02
-7.835680246353149414e-01 -5.222730636596679688e-01
3.203701496124267578e+00 2.724049329757690430e+00
-7.835680246353149414e-01 -2.716827020049095154e-02
-7.835680246353149414e-01 -8.564004302024841309e-01
1.032133102416992188e+00 2.099341630935668945e+00
5.541343688964843750e-01 2.766019701957702637e-01
-7.835680246353149414e-01 9.973508715629577637e-01
-6.723819375038146973e-01 -3.238018453121185303e-01
-7.835680246353149414e-01 -7.783240079879760742e-01
-7.835680246353149414e-01 -7.725020051002502441e-01
4.037131965160369873e-01 2.243727445602416992e-01
1.773593187332153320e+00 2.433796405792236328e+00
1.238117456436157227e+00 -5.612252950668334961e-01
-7.835680246353149414e-01 -7.283176183700561523e-01
-7.835680246353149414e-01 -8.044587969779968262e-01
3.007807731628417969e-01 3.830602169036865234e-01
-7.835680246353149414e-01 -8.343493342399597168e-01
-7.835680246353149414e-01 -7.284268736839294434e-01
-7.835680246353149414e-01 -8.139593005180358887e-01
-7.835680246353149414e-01 -6.933038830757141113e-01
-2.653174698352813721e-01 9.594675898551940918e-02
-7.835680246353149414e-01 -7.011465430259704590e-01
1.873834133148193359e+00 2.162473201751708984e+00
3.150753080844879150e-01 5.292735099792480469e-01
2.548469603061676025e-01 2.411095201969146729e-01
-7.835680246353149414e-01 -7.574391961097717285e-01
-7.835680246353149414e-01 -8.536209464073181152e-01
-7.835680246353149414e-01 -7.436757683753967285e-01
-7.835680246353149414e-01 -7.897679805755615234e-01
-4.952425509691238403e-02 2.273839712142944336e-01
-7.835680246353149414e-01 -7.216444611549377441e-01
-7.835680246353149414e-01 -5.558757185935974121e-01
-7.835680246353149414e-01 -5.757221579551696777e-01
1.064789175987243652e+00 1.148559570312500000e+00
7.997128963470458984e-01 4.533883929252624512e-01
4.808502271771430969e-02 -5.691309571266174316e-01
-7.835680246353149414e-01 -8.206025362014770508e-01
-7.835680246353149414e-01 -7.555746436119079590e-01
9.413421154022216797e-01 1.199425578117370605e+00
9.316529035568237305e-01 1.066085815429687500e+00
1.090686678886413574e+00 2.256990432739257812e+00
-7.835680246353149414e-01 -2.104778215289115906e-02
3.361111134290695190e-02 1.217179894447326660e+00
2.488061934709548950e-01 8.401524424552917480e-01
-7.835680246353149414e-01 -5.532441735267639160e-01
8.402039408683776855e-01 6.509248614311218262e-01
-7.835680246353149414e-01 -7.603132724761962891e-01
4.126248359680175781e-01 2.012394666671752930e+00
-3.658574819564819336e-01 1.026549190282821655e-01
-7.835680246353149414e-01 -2.301783710718154907e-01
2.112893342971801758e+00 1.730885148048400879e+00
-7.835680246353149414e-01 -5.567145943641662598e-01
1.093976259231567383e+00 -2.964889109134674072e-01
8.711853623390197754e-01 1.518029332160949707e+00
-7.835680246353149414e-01 -9.012522697448730469e-01
-7.835680246353149414e-01 -7.446245551109313965e-01
3.621454536914825439e-01 -6.357305645942687988e-01
-6.386492252349853516e-01 -6.515101194381713867e-01
1.259948015213012695e+00 3.183682262897491455e-01
1.284589648246765137e+00 1.050286889076232910e+00
9.184349775314331055e-01 1.480959296226501465e+00
1.038233637809753418e+00 4.594599604606628418e-01
-1.453565619885921478e-02 -6.363247036933898926e-01
4.575418233871459961e-01 -1.036043316125869751e-01
-7.835680246353149414e-01 -4.353174865245819092e-01
-7.835680246353149414e-01 -8.073475360870361328e-01
1.031176090240478516e+00 4.924854636192321777e-01
-7.835680246353149414e-01 -8.571969270706176758e-01
-7.165812253952026367e-01 -7.272029519081115723e-01
1.037575721740722656e+00 1.001283049583435059e+00
9.080280661582946777e-01 1.723086237907409668e+00
-7.379332780838012695e-01 -1.706729829311370850e-01
-5.257884860038757324e-01 1.151457875967025757e-01
-7.835680246353149414e-01 -8.061309456825256348e-01
-7.835680246353149414e-01 -7.847784161567687988e-01
-7.835680246353149414e-01 -8.027549982070922852e-01
-1.278150975704193115e-01 -5.358322858810424805e-01
-7.835680246353149414e-01 8.937830328941345215e-01
1.781009674072265625e+00 -4.116976857185363770e-01
-7.835680246353149414e-01 -7.545651793479919434e-01
-7.835680246353149414e-01 -9.331463575363159180e-01
-5.125873908400535583e-02 2.276472747325897217e-01
5.282368659973144531e-01 1.556497931480407715e+00
-7.835680246353149414e-01 -8.232290148735046387e-01
-4.272221922874450684e-01 4.920746684074401855e-01
-7.835680246353149414e-01 -5.910530686378479004e-01
5.683092474937438965e-01 -7.397035956382751465e-01
2.230880558490753174e-01 6.551940739154815674e-02
-7.583283782005310059e-01 9.064785242080688477e-01
8.052152991294860840e-01 2.038865834474563599e-01
-7.835680246353149414e-01 -4.694004356861114502e-01
7.811120748519897461e-01 1.423026800155639648e+00
-7.835680246353149414e-01 -8.059255480766296387e-01
-7.835680246353149414e-01 -7.480816245079040527e-01
6.329635977745056152e-01 7.686582803726196289e-01
1.315630793571472168e+00 -5.159071087837219238e-01
1.769885063171386719e+00 2.157908439636230469e+00
-7.835680246353149414e-01 -8.000236153602600098e-01
-7.835680246353149414e-01 -8.766784071922302246e-01
-7.835680246353149414e-01 -7.713580131530761719e-01
-7.835680246353149414e-01 -3.869922757148742676e-01
4.006628990173339844e-01 2.817285656929016113e-01
-7.835680246353149414e-01 -3.987232744693756104e-01
-5.097594857215881348e-01 1.706505417823791504e-01
-2.254244387149810791e-01 3.514125347137451172e-01
-3.746494948863983154e-01 -3.516972064971923828e-01
-7.835680246353149414e-01 -4.485616385936737061e-01
1.427115917205810547e+00 4.359211325645446777e-01
-7.835680246353149414e-01 -7.226911187171936035e-01
-3.065263330936431885e-01 -6.539904475212097168e-01
-7.835680246353149414e-01 -7.937212586402893066e-01
-6.011060997843742371e-02 -7.358434796333312988e-01
-7.835680246353149414e-01 -8.218201994895935059e-01
-2.901982963085174561e-01 6.214447692036628723e-02
9.797995686531066895e-01 -5.289852023124694824e-01
2.132570743560791016e+00 1.491560697555541992e+00
4.305079579353332520e-01 -4.211109280586242676e-01
9.576103091239929199e-01 9.034717679023742676e-01
3.343596458435058594e+00 -8.514693379402160645e-01
-7.835680246353149414e-01 -9.280553460121154785e-01
1.921921133995056152e+00 2.128964900970458984e+00
-7.835680246353149414e-01 -3.615351319313049316e-01
-7.835680246353149414e-01 -2.326332032680511475e-01
-5.928949117660522461e-01 -4.971995651721954346e-01
-7.835680246353149414e-01 8.654218912124633789e-01
-6.299170255661010742e-01 -6.728845834732055664e-01
3.552075922489166260e-01 -6.105041503906250000e-01
-7.835680246353149414e-01 -8.272870182991027832e-01
-4.047935605049133301e-01 2.085933983325958252e-01
-7.835680246353149414e-01 -6.679111719131469727e-01
-7.835680246353149414e-01 -5.255069732666015625e-01
7.355968952178955078e-01 -2.770933806896209717e-01
