true_value	predicted_value
-0.5615 	-0.5640 
-1.9649 	-1.9604 
-0.6732 	-0.6785 
-0.7684 	-0.7631 
-1.0430 	-1.0504 
-0.9208 	-0.9294 
-1.2439 	-1.2529 
-0.7058 	-0.7160 
-2.9946 	-2.9838 
-0.2513 	-0.2647 
-0.6829 	-0.6668 
-1.2118 	-1.2285 
-2.7550 	-2.7377 
-1.2923 	-1.2739 
-1.2148 	-1.2335 
-0.5153 	-0.4927 
-3.1418 	-3.1648 
-0.9071 	-0.8814 
-0.6457 	-0.6184 
-1.4624 	-1.4311 
-0.7056 	-0.6740 
-0.5303 	-0.5625 
-1.4856 	-1.5202 
-2.1031 	-2.1380 
-1.3287 	-1.2873 
-3.0777 	-3.0361 
-0.8160 	-0.8586 
-2.0399 	-1.9970 
-2.4456 	-2.4889 
-1.2293 	-1.1800 
-3.2008 	-3.2527 
-1.0864 	-1.0265 
-0.6683 	-0.6056 
-3.8104 	-3.8740 
-2.6097 	-2.5426 
-1.3622 	-1.2900 
-1.3814 	-1.3058 
-3.2258 	-3.1474 
-3.1243 	-3.0455 
-1.9732 	-2.0527 
-1.2956 	-1.2155 
-1.1233 	-1.0420 
-0.9689 	-1.0502 
-0.9732 	-1.0557 
-2.3985 	-2.4812 
-3.9139 	-4.0085 
-0.5148 	-0.6098 
-2.6220 	-2.5243 
-2.7266 	-2.6273 
-1.0928 	-0.9921 
-3.6176 	-3.5150 
-0.9916 	-0.8880 
-2.8697 	-2.9755 
-2.0209 	-1.9133 
-0.4351 	-0.5428 
-3.2366 	-3.3546 
-3.9203 	-4.0402 
-0.5139 	-0.6393 
-0.1974 	-0.3284 
-2.6722 	-2.5400 
-0.6034 	-0.4667 
-1.0842 	-1.2209 
-0.7285 	-0.5903 
-1.4146 	-1.5539 
-1.4556 	-1.3159 
-0.3181 	-0.4586 
-1.1921 	-1.0482 
-0.8466 	-0.6999 
-2.3546 	-2.2075 
-0.6760 	-0.8296 
-2.7717 	-2.6151 
-2.7412 	-2.5844 
-1.5776 	-1.4200 
-2.7840 	-2.6220 
-0.8220 	-0.9842 
-0.9875 	-0.8242 
-2.6894 	-2.5251 
-2.7306 	-2.5647 
-1.6193 	-1.4504 
-2.0726 	-2.2430 
-3.4783 	-3.6499 
-2.1405 	-1.9686 
-2.9960 	-3.1755 
-3.6913 	-3.5102 
-3.2874 	-3.4699 
-1.0112 	-1.1977 
-1.0268 	-0.8369 
-2.3571 	-2.1652 
-3.9651 	-4.1610 
-2.8332 	-2.6310 
-1.4003 	-1.6041 
-3.0144 	-2.8064 
-0.7608 	-0.5514 
-3.1456 	-2.9349 
-2.0146 	-1.8039 
-2.6990 	-2.9100 
-0.5382 	-0.7527 
-0.6201 	-0.8351 
-2.0774 	-1.8509 
-0.3869 	-0.6144 
-0.3526 	-0.5814 
-1.3842 	-1.1547 
-0.8265 	-1.0635 
-1.2054 	-1.4453 
-1.5195 	-1.2781 
-0.4615 	-0.7074 
-2.8458 	-3.0937 
-1.4690 	-1.2199 
-1.0515 	-1.3032 
-3.4865 	-3.2346 
-3.0157 	-2.7626 
-1.7992 	-1.5446 
1.9858 	2.2427 
-1.8854 	-2.1435 
-2.4067 	-2.1466 
-2.2434 	-2.5073 
-2.2856 	-2.5501 
-1.3359 	-1.0700 
-2.1906 	-2.4619 
-3.0352 	-2.7548 
-2.1642 	-2.4494 
-3.4480 	-3.1563 
-2.3748 	-2.0828 
-3.0481 	-3.3426 
-1.5634 	-1.8600 
-2.5741 	-2.2770 
-2.2160 	-2.5146 
-1.7357 	-1.4342 
-2.3779 	-2.0762 
-3.4923 	-3.1810 
-2.1778 	-2.4900 
-2.6220 	-2.9343 
-1.3138 	-0.9999 
-1.4398 	-1.1252 
-0.2879 	-0.6056 
-1.3043 	-0.9866 
-0.8998 	-0.5816 
-0.8028 	-1.1347 
-0.5222 	-0.8610 
-0.7249 	-1.0681 
-0.0593 	-0.4048 
1.2828 	1.6343 
-3.0221 	-2.6693 
-0.0590 	-0.4129 
-1.2341 	-1.5925 
-2.2890 	-2.6484 
-1.2102 	-1.5702 
-2.3810 	-2.0178 
-3.4278 	-3.0595 
-3.8550 	-3.4855 
-1.3186 	-0.9471 
-0.6592 	-1.0333 
-1.2250 	-0.8503 
-0.7534 	-0.3775 
-1.7119 	-1.3349 
-1.3980 	-1.0209 
-1.5075 	-1.1283 
-1.4944 	-1.8739 
-0.7411 	-1.1341 
-0.2109 	-0.6059 
0.1090 	-0.2867 
-2.2396 	-1.8335 
-1.3816 	-0.9611 
-3.5512 	-3.1300 
-1.5590 	-1.1293 
-0.4045 	-0.8377 
-1.1709 	-0.7363 
-1.6976 	-1.2629 
-1.9199 	-1.4764 
-0.2819 	-0.7258 
-1.3411 	-0.8949 
-1.4403 	-0.9909 
-2.6398 	-2.1760 
-1.5024 	-1.0383 
-1.0530 	-0.5789 
-3.1684 	-2.6900 
-1.4145 	-0.9348 
-2.9196 	-2.4383 
-1.4205 	-1.9069 
-1.3090 	-0.8193 
-2.1074 	-2.5987 
-1.5803 	-1.0883 
-2.7656 	-2.2639 
-1.1354 	-0.6331 
-1.1928 	-0.6878 
-2.0642 	-1.5567 
-0.1688 	-0.6856 
-3.2043 	-2.6796 
-1.9205 	-1.3589 
-1.4102 	-0.8346 
-2.7118 	-2.1265 
-2.4280 	-1.8424 
-1.1775 	-1.7635 
-2.1297 	-1.5404 
-1.4168 	-0.8268 
-0.5358 	-1.1282 
-3.1177 	-2.5083 
-1.8202 	-1.2099 
-3.1258 	-2.5127 
1.4209 	2.0353 
-2.1323 	-1.5155 
-2.0675 	-2.6924 
-1.6275 	-0.9964 
-1.6847 	-1.0505 
-1.2108 	-1.8522 
-2.1081 	-2.7502 
-2.4057 	-3.0513 
-2.3069 	-1.6477 
-0.4537 	-1.1174 
1.4651 	2.1353 
-3.2052 	-2.5298 
-0.7341 	-1.4206 
-3.2199 	-2.5223 
-1.8074 	-2.5071 
-2.0738 	-1.3716 
-0.6363 	0.0679 
-1.9846 	-1.2568 
-2.3622 	-1.6088 
-1.7358 	-0.9801 
-1.5172 	-0.7386 
-0.1864 	-0.9964 
-2.9386 	-2.1028 
1.4783 	2.3313 
1.6341 	2.5081 
-0.6228 	-1.4980 
1.1972 	2.0896 
-1.1480 	-2.0429 
-1.3567 	-2.2832 
-1.3204 	-2.2979 
-1.2979 	-0.9547 
-1.5609 	-1.1526 
-0.9555 	-1.1086 
-2.1860 	-1.9295 
-1.8220 	-2.1804 
-3.9458 	-3.3739 
-2.4364 	-2.1622 
-3.7158 	-3.3124 
-2.2505 	-1.7975 
-1.6877 	-1.4190 
-2.6875 	-2.3836 
-3.0010 	-3.4485 